   0.1728135897484283600000000
   0.0949830897193216510000000
   0.0001765036789221273100000
   0.0002880024734150838700000
 -64.7355455896634170000000000
   0.1727786326213970600000000
   0.0948829587712312070000000
   0.0001762695617514228900000
   0.0002882629281718620300000
 -64.7366237449732720000000000
   0.1727534659226527300000000
   0.0946783451024969390000000
   0.0001758378702699488600000
   0.0002887358479827257900000
 -64.7376523924265970000000000
   0.1727614611077870900000000
   0.0943801835087910020000000
   0.0001752549303787405600000
   0.0002894261653528624400000
 -64.7380309326444350000000000
   0.1728131497401979300000000
   0.0940066782838180210000000
   0.0001745688063668314600000
   0.0002903457211822278800000
 -64.7374775832495860000000000
   0.1729109251070460300000000
   0.0935788721705495960000000
   0.0001738250324008838000000
   0.0002914904794249403300000
 -64.7359147809611240000000000
   0.1730515274537063300000000
   0.0931186816449438290000000
   0.0001730653913480331600000
   0.0002928268418598769400000
 -64.7334088103203980000000000
   0.1731937704386211400000000
   0.0926568103304667160000000
   0.0001722975180554672000000
   0.0002937909835673614500000
 -64.7308237599884390000000000
   0.1733304107052712500000000
   0.0922154068432274600000000
   0.0001715600821049643400000
   0.0002945202837002468800000
 -64.7283150520324430000000000
   0.1734566472121005500000000
   0.0918091253457800900000000
   0.0001708788790102669300000
   0.0002950898379178818400000
 -64.7259842471861900000000000
   0.1735691915032514800000000
   0.0914479508939405470000000
   0.0001702716418399599500000
   0.0002955410330241213300000
 -64.7238996845452870000000000
   0.1736657322501474200000000
   0.0911388432422533120000000
   0.0001697508413885961400000
   0.0002958970673016333300000
 -64.7221084390521210000000000
   0.1737446236310014000000000
   0.0908867054744417760000000
   0.0001693253373506273700000
   0.0002961713064227443000000
 -64.7206433364700620000000000
   0.1738047001248125000000000
   0.0906949690446118150000000
   0.0001690013768610367900000
   0.0002963716931237989400000
 -64.7195271612170730000000000
   0.1738451638885803500000000
   0.0905659562055125270000000
   0.0001687832142229697000000
   0.0002965030155056078000000
 -64.7187752378037830000000000
   0.1738655158946654500000000
   0.0905011056562565610000000
   0.0001686734975980091500000
   0.0002965680383643564300000
 -64.7183970202421790000000000
 -64.6434440173439100000000000
   0.0711714510414207940000000
   0.0449459568545169940000000
   0.0000737064239214683650000
   0.0001878703534770808300000
   0.0055896812169720592000000
   0.0199339600147529250000000
   0.0000002072676955320328300
 -64.7600459348487330000000000
 -64.6937838811131200000000000
   0.0696436484093819200000000
   0.0455470411272163800000000
   0.0000731744640931506560000
   0.0001981882992064146800000
   0.0000022170345612624443000
   0.0379743768621679590000000
   0.0000000001621110433300531
 -64.7756276602780330000000000
 -64.7252642221778840000000000
   0.0687150367349014110000000
   0.0457439697753941470000000
   0.0000725365086628549310000
   0.0002052319522420229500000
   0.0000021650323713555182000
   0.0376909795373962800000000
   0.0000000001574113756058856
 -64.7919576094016350000000000
 -64.7445402414027740000000000
   0.0681602493084557250000000
   0.0457429723484803000000000
   0.0000719474206864985840000
   0.0002096062910077813100000
   0.0000021339448503739052000
   0.0374262894339476710000000
   0.0000000001542478040596954
 -64.8045863338093680000000000
 -64.7555336635385430000000000
   0.0678506046661996880000000
   0.0456752190264494910000000
   0.0000715045848453153640000
   0.0002119527964218886000000
   0.0000021165060323815611000
   0.0372301526340475180000000
   0.0000000001523016048090306
 -64.8127311496640890000000000
 -64.7604752194412900000000000
   0.0677140168350331970000000
   0.0456176205821002610000000
   0.0000712630320062728610000
   0.0002129220165757100900000
   0.0000021087542194641153000
   0.0371256121734426030000000
   0.0000000001513752446433092
 -64.8166489852197860000000000
