 -64.6852799332496320000000000
   0.0697798476963983200000000
   0.0430783467672842330000000
   0.0000684569464204542780000
   0.0001729892120089830400000
   0.0054088441692309117000000
   0.0187877502973775210000000
   0.0000001879040938085250600
 -64.8254286371681730000000000
 -64.7357360857164680000000000
   0.0682899281653546600000000
   0.0435959072233031290000000
   0.0000678784966528821400000
   0.0001837595647370886400000
   0.0000021450158417275352000
   0.0364651878776520310000000
   0.0000000001503413421289681
 -64.8295601482327160000000000
 -64.7705582043854240000000000
   0.0672995951003980270000000
   0.0436574499773194760000000
   0.0000669966185598437200000
   0.0001922023675235056500000
   0.0000020897689034016163000
   0.0360190787029968300000000
   0.0000000001450037211599339
 -64.8355024929437320000000000
 -64.7945411856527470000000000
   0.0666468319838813690000000
   0.0434054156455041880000000
   0.0000659257841158107770000
   0.0001987921213325292700000
   0.0000020529287584173554000
   0.0354836333268226320000000
   0.0000000001405862551509662
 -64.8418848253752030000000000
 -64.8109431343488040000000000
   0.0662259465516805560000000
   0.0429513871219133900000000
   0.0000647585320709714350000
   0.0002039772113544315000000
   0.0000020284955759509439000
   0.0349145222743694260000000
   0.0000000001368995498324316
 -64.8479362732913390000000000
 -64.8219821750268470000000000
   0.0659669875977630380000000
   0.0423757938988026180000000
   0.0000635602411706976920000
   0.0002081604401764583100000
   0.0000020126127863640946000
   0.0343454398901023440000000
   0.0000000001338031829478538
 -64.8532596712800000000000000
 -64.8291760054440260000000000
   0.0658230144369870150000000
   0.0417337585662856180000000
   0.0000623734102376269840000
   0.0002116601164742140000000
   0.0000020027482641037349000
   0.0337946943405991250000000
   0.0000000001311865041694252
 -64.8576866052606390000000000
 -64.8335755918998870000000000
   0.0657619098738307230000000
   0.0410623974130053530000000
   0.0000612246229381843350000
   0.0002146926740478012400000
   0.0000019971998478438241000
   0.0332715752158583430000000
   0.0000000001289626653509965
 -64.8611855725208240000000000
 -64.8359229935036010000000000
   0.0657610997207704610000000
   0.0403868994089150310000000
   0.0000601304631068580190000
   0.0002173951156832488700000
   0.0000019947904640581900000
   0.0327805895339711580000000
   0.0000000001270644359735058
 -64.8638044217735370000000000
 -64.8367562756909730000000000
   0.0658041550014320100000000
   0.0397248213577027220000000
   0.0000591015647888237910000
   0.0002198526965889840900000
   0.0000019946779018486583000
   0.0323239040306480400000000
   0.0000000001254401755860181
 -64.8656346719704690000000000
 -64.8364789859993070000000000
   0.0658785926234666250000000
   0.0390889501387623050000000
   0.0000581451965039209300000
   0.0002221191737208674000000
   0.0000019962343605824929000
   0.0319026635006702460000000
   0.0000000001240501908083645
 -64.8667896499458860000000000
 -64.8354066015718900000000000
   0.0659744248396029600000000
   0.0384891941281825310000000
   0.0000572668890592166380000
   0.0002242253720358704700000
   0.0000019989684305999838000
   0.0315177194079597840000000
   0.0000000001228638376521105
 -64.8673912355120020000000000
 -64.8337975141265160000000000
   0.0660832012902322910000000
   0.0379338204564049210000000
   0.0000564714556950871900000
   0.0002261843788330633800000
   0.0000020024741913064048000
   0.0311700312984659610000000
   0.0000000001218573397609931
 -64.8675618281154840000000000
 -64.8318734253205660000000000
   0.0661973871149151570000000
   0.0374302284979418090000000
   0.0000557635774035841750000
   0.0002279924391233841900000
   0.0000020063982913274856000
   0.0308608799219493680000000
   0.0000000001210121967711326
 -64.8674193359615290000000000
 -64.8298316596837910000000000
   0.0663100062839167560000000
   0.0369853484816808010000000
   0.0000551480299964420110000
   0.0002296285306663115700000
   0.0000020104205721536682000
   0.0305919280094774160000000
   0.0000000001203139779021859
 -64.8670737627322320000000000
 -64.8278504510595890000000000
   0.0664145302465810330000000
   0.0366056772513419500000000
   0.0000546295403813457850000
   0.0002310524766167720200000
   0.0000020142465474854224000
   0.0303651251627069000000000
   0.0000000001197513363694389
 -64.8666245078326260000000000
 -64.8260869835934270000000000
   0.0665050373297839530000000
   0.0362969159733929420000000
   0.0000542122372984419320000
   0.0002322080472417181800000
   0.0000020176123217111308000
   0.0301824095857142830000000
   0.0000000001193150738645582
 -64.8661579178994000000000000
 -64.8246685392236230000000000
   0.0665766395534700820000000
   0.0360633016762116200000000
   0.0000538988776280815410000
   0.0002330484420049077700000
   0.0000020203015051240245000
   0.0300452028620716220000000
   0.0000000001189971947271874
 -64.8657450263454220000000000
 -64.8236830508066790000000000
   0.0666259251894306820000000
   0.0359071278618626550000000
   0.0000536904321402546400000
   0.0002335741628357220500000
   0.0000020221632187514720000
   0.0299540027825534980000000
   0.0000000001187904001805527
 -64.8654397919196700000000000
 -64.8231799758147820000000000
   0.0666509694958798690000000
   0.0358290601895803680000000
   0.0000535865257666249510000
   0.0002338216107256100500000
   0.0000020231120126995396000
   0.0299085771836805070000000
   0.0000000001186887120421381
 -64.8652782126451510000000000
